54673
29674
29613
15427
51985
59385
11128
9741
24450
20806
40912
13816
22681
24685
4733
10775
20542
40149
584
30824
32464
33570
41682
39123
14462
28436
30204
27290
6368
21581
22826
19861
13523
30373
38683
36422
56756
36540
374
14617
57484
49673
10836
48040
54163
162
60401
31020
40417
20721
3426
8374
10158
44116
39836
12395
21068
33039
49262
10983
51205
10443
45141
32172
62639
47821
50940
57894
45496
40481
17730
39125
12661
53730
45763
9827
60644
9262
32683
49875
28641
47713
1770
46071
22413
37749
27196
16286
29504
33037
63485
33743
35571
40851
9807
49191
44343
25361
40850
31733
24430
54757
30376
57845
29539
16885
7624
35191
34205
60796
55028
32190
3640
12102
20268
27070
34309
3977
63649
9458
9281
61124
36207
399
52057
54973
35749
7107
16244
49566
63888
20195
37337
17056
27678
9630
16214
2062
65049
45749
13489
11071
20766
59916
32323
35759
9979
57211
1242
45592
